1 1 1.2803274 1.3782487 1.192212
2 1 3.5174081 2.7162294 2.07875
3 1 1.1051731 1.1993638 5.4115114
4 1 3.2286386 2.581732 4.7170076
5 1 3.2891023 5.3478246 1.4910191
6 1 0.92542046 6.604283 2.0177202
7 1 3.1219554 5.150199 5.765211
8 1 0.66590303 6.428622 5.084261
9 1 1.276368 9.065238 1.1620829
10 1 3.5182085 10.428173 2.3163886
11 1 0.603782 9.211257 6.0288754
12 1 2.9843607 10.207496 5.105152
13 1 3.535601 12.950725 1.4548624
14 1 1.0292065 14.093741 1.9065522
15 1 3.8430781 12.661017 5.7772226
16 1 1.4811655 13.957803 4.467649
17 1 5.8841453 1.7145314 1.3963343
18 1 8.188625 3.050406 2.134536
19 1 5.5027733 1.2485992 5.8602767
20 1 7.7615485 2.5151026 4.9434867
21 1 7.5879164 5.5493217 1.2817926
22 1 5.450831 6.559827 2.3524194
23 1 7.5537066 5.0785923 6.325128
24 1 5.403477 6.438035 5.0287843
25 1 5.7125497 9.029815 1.3445112
26 1 7.8157563 10.232696 2.517348
27 1 5.1913385 8.948543 6.012952
28 1 7.6577005 10.044711 5.380681
29 1 7.9523396 12.790911 1.3614411
30 1 5.786546 14.551332 2.152648
31 1 7.9734874 12.830237 5.535806
32 1 5.7387958 14.106489 4.665994
33 1 10.064481 1.4926459 1.3963306
34 1 12.570542 2.6552186 2.003465
35 1 10.0088 1.2424692 6.069924
36 1 12.168417 2.2719152 4.657348
37 1 12.117347 5.3501773 1.1123999
38 1 9.806738 6.468885 2.4582727
39 1 12.12985 4.653753 5.668219
40 1 9.846316 6.10754 5.0787945
41 1 9.995971 8.926123 1.6340759
42 1 12.460847 10.159888 1.7873813
43 1 10.105385 8.746288 5.891831
44 1 12.027216 10.333833 4.6696444
45 1 12.261588 12.673879 1.0554591
46 1 10.169017 14.06996 2.5096152
47 1 12.693291 12.874852 5.585621
48 1 10.3697195 14.057609 5.2608285
49 1 1.3303112 1.3324717 8.111125
50 1 3.6203735 2.4565523 9.539621
51 1 1.0705817 1.1006196 12.781107
52 1 3.422172 2.6218414 12.231495
53 1 3.5805428 4.955446 8.435807
54 1 1.3910388 6.3096876 9.403136
55 1 3.224515 5.0945354 13.074336
56 1 0.9964021 6.4066014 12.124704
57 1 1.1350266 9.025184 8.551749
58 1 3.5999193 10.140512 9.527348
59 1 1.228086 9.027092 12.81235
60 1 3.4185634 10.558445 12.08464
61 1 3.663996 12.68756 8.3982935
62 1 1.3352418 14.21446 9.306431
63 1 3.6906118 12.970879 13.255032
64 1 1.2494482 13.689374 11.960258
65 1 5.728426 0.989311 8.55762
66 1 8.027306 2.3388364 9.709861
67 1 5.6176357 1.2456206 13.058486
68 1 7.9416494 2.527281 12.373374
69 1 7.8055134 5.044571 9.043375
70 1 5.533708 6.4401875 9.587336
71 1 7.720594 5.135514 13.025245
72 1 5.4196095 6.4919853 12.259279
73 1 5.720856 8.8670845 8.774553
74 1 8.045604 10.194554 9.495123
75 1 5.609211 9.046875 13.15218
76 1 8.02869 10.155457 12.389863
77 1 8.03021 12.688279 8.324811
78 1 5.991919 13.785921 9.461927
79 1 7.968559 12.663093 12.994493
80 1 5.909533 14.190703 12.087225
81 1 10.386847 1.1732893 8.734661
82 1 12.812704 2.605088 9.262412
83 1 10.260237 1.1036215 13.1850815
84 1 12.358897 2.4300625 11.993595
85 1 12.332548 5.0792303 8.620913
86 1 10.135536 6.4379516 9.462662
87 1 12.172158 5.3003116 12.812683
88 1 9.71031 6.4226527 12.037508
89 1 10.179281 8.951972 8.582864
90 1 12.469865 10.089249 9.613544
91 1 10.279707 8.837847 13.179799
92 1 12.305367 10.121466 12.165518
93 1 12.458059 12.399374 8.395806
94 1 10.289787 13.849364 9.397011
95 1 12.341854 12.6696615 12.782518
96 1 10.147193 14.157149 11.978506
97 2 1.2546993 1.3311044 0.18262236
98 2 2.758314 2.18831 1.6519716
99 2 1.2931967 0.29851046 5.082925
100 2 3.4547892 2.5696719 3.7443902
101 2 2.4275916 5.7390127 1.6976758
102 2 0.033291455 6.3275404 1.7273662
103 2 3.2455676 5.1268373 6.7115617
104 2 0.5803475 6.4335494 4.0900745
105 2 1.3191212 9.066035 0.14195634
106 2 3.169245 10.463958 3.2415283
107 2 -0.05307173 9.760038 5.5898337
108 2 2.1865554 9.831052 5.579247
109 2 3.6244688 12.980074 0.5129928
110 2 1.3118094 14.203914 2.8266957
111 2 3.7029223 12.67654 6.7536235
112 2 0.7337969 13.397712 4.857457
113 2 5.9307747 0.76606804 1.628106
114 2 8.197401 2.9390936 3.1084404
115 2 5.6455007 1.1294359 6.8001156
116 2 8.501389 1.995277 5.327199
117 2 6.7414527 5.848583 1.7149682
118 2 4.5857477 6.0962152 2.0914938
119 2 6.765297 5.4724736 5.9041533
120 2 5.44306 6.5298657 3.9936407
121 2 4.992162 9.498887 1.826199
122 2 8.517698 9.705343 2.0812738
123 2 5.2311273 8.060946 5.655831
124 2 7.7414517 10.023236 4.3634644
125 2 7.1759186 13.407561 1.6293293
126 2 5.7215977 14.309684 3.117414
127 2 7.8964834 13.028473 6.4730234
128 2 5.170574 13.487075 5.185025
129 2 10.113126 1.2624457 0.3713261
130 2 12.538049 2.7781012 3.0187178
131 2 10.1417055 1.3656292 7.027816
132 2 12.953412 1.7660911 4.926546
133 2 12.171191 5.22809 0.097255394
134 2 9.000532 6.2418184 1.945558
135 2 11.252773 5.114148 5.473955
136 2 9.737807 6.2038045 4.11952
137 2 10.094469 8.078076 2.1437576
138 2 13.277746 9.811794 1.4374195
139 2 10.279826 8.821031 6.873193
140 2 12.044754 10.020725 3.7375536
141 2 12.199771 12.660302 0.053709533
142 2 10.265233 14.136061 3.5118775
143 2 11.8754635 13.4183655 5.4826546
144 2 9.581314 13.466095 5.33988
145 2 1.5312554 1.0988129 7.17996
146 2 3.446722 2.4424255 10.5542965
147 2 0.31797495 1.5711702 12.336759
148 2 2.6634016 2.0861623 12.366902
149 2 3.8008695 4.0935874 8.781471
150 2 0.5574504 5.9490395 9.023871
151 2 3.205079 5.1888185 14.062843
152 2 1.1371013 6.366721 11.153363
153 2 0.93570125 9.016604 7.612808
154 2 2.7656004 9.822341 9.168489
155 2 0.39646614 9.397478 12.438758
156 2 3.4046974 10.564753 11.095708
157 2 2.939369 13.249262 8.740726
158 2 0.58976924 13.723471 8.96699
159 2 3.738299 12.079869 12.8936615
160 2 1.4781845 13.966922 11.034549
161 2 5.83269 0.06132617 8.867481
162 2 7.958461 2.3159451 10.6752205
163 2 5.6626773 1.4796861 13.991257
164 2 7.129375 2.0470293 12.790269
165 2 7.7826414 5.1871533 8.080379
166 2 5.444729 6.373018 10.538637
167 2 7.669097 5.24985 14.037559
168 2 4.626903 5.9625945 12.466901
169 2 5.5902867 8.8985815 7.7985973
170 2 7.964257 10.194427 10.518633
171 2 5.591894 9.043379 14.105676
172 2 7.242545 9.647085 12.694402
173 2 7.3840513 13.104176 8.91847
174 2 5.9705544 13.933405 10.40488
175 2 8.158384 12.755072 13.9899235
176 2 6.568588 13.660299 12.616198
177 2 9.664315 1.6858256 9.259058
178 2 13.545215 2.1937592 8.733431
179 2 9.5488825 1.6494586 12.784458
180 2 12.409331 2.4267995 11.047082
181 2 12.102178 5.013008 7.6296897
182 2 10.083115 6.4287233 10.430658
183 2 12.354837 4.3964996 12.60204
184 2 10.53889 5.9613914 12.225088
185 2 9.399788 9.531411 8.919818
186 2 13.283719 9.691885 9.278314
187 2 10.32336 8.861527 14.190396
188 2 12.353598 9.98473 11.216105
189 2 12.552648 12.404381 7.427434
190 2 9.415706 13.432568 9.071951
191 2 11.720021 13.234719 12.3493185
192 2 10.16352 13.957862 10.94791
193 2 0.44255808 1.8203021 1.4963775
194 2 4.373226 2.4209855 1.640576
195 2 1.85613 1.7917212 5.1411386
196 2 3.9758968 2.1248372 5.226717
197 2 3.3532488 4.421794 1.8047876
198 2 0.9455947 7.557116 1.7236743
199 2 3.136139 4.253349 5.464632
200 2 1.5279706 5.905808 5.2227106
201 2 1.9992517 9.730761 1.5184914
202 2 3.5446584 11.370607 1.9304029
203 2 0.5846622 8.370312 5.584351
204 2 3.7327182 9.719605 5.412761
205 2 2.698917 13.489135 1.6189517
206 2 1.0560387 14.930948 1.4759439
207 2 3.466019 11.764202 5.5205336
208 2 2.2792308 13.540929 4.853473
209 2 6.7721786 2.1292121 1.5297909
210 2 9.004417 2.4570684 1.8926456
211 2 6.2332635 1.9003879 5.5500793
212 2 7.7847514 3.358145 5.403012
213 2 7.738525 4.5940137 1.5265104
214 2 5.4692874 7.4623175 1.9596624
215 2 8.2620125 5.601767 5.9193835
216 2 4.519338 6.1057487 5.2610903
217 2 6.5440054 9.390778 1.761106
218 2 7.8494015 11.131944 2.0763235
219 2 5.9772153 9.469169 5.695836
220 2 7.8016434 11.0216 5.522831
221 2 8.667137 13.290031 1.779041
222 2 5.010102 14.099538 1.7085083
223 2 7.2689333 13.360204 5.11014
224 2 5.593133 15.010736 5.0130315
225 2 10.091376 0.6337091 1.9046869
226 2 11.70019 2.2460413 1.8150809
227 2 10.711487 1.6467382 5.5110006
228 2 12.359658 3.186681 4.8936224
229 2 12.105035 4.4671736 1.4090117
230 2 10.516531 6.167943 1.8881297
231 2 12.827083 5.324215 5.5059786
232 2 9.862777 7.021054 5.3642154
233 2 10.881746 9.365919 1.7792499
234 2 12.421889 11.131351 1.4300843
235 2 9.25394 9.201931 5.6792984
236 2 11.317948 9.784577 5.116332
237 2 13.103056 13.19302 1.28584
238 2 10.849102 13.462505 2.18168
239 2 12.559255 11.957751 5.3666263
240 2 10.114195 14.939021 5.711589
241 2 2.1889763 1.6653368 8.437669
242 2 4.393086 1.8086797 9.334974
243 2 1.1818631 0.21532762 12.3958845
244 2 3.2037027 3.5579429 12.456665
245 2 4.316985 5.530564 8.7400875
246 2 2.0629752 5.704942 9.034846
247 2 2.4276695 5.6306806 12.750668
248 2 1.084858 7.3599706 12.323457
249 2 1.1435394 8.074505 8.867706
250 2 4.3916874 9.612829 9.143071
251 2 1.9648652 9.536714 12.435496
252 2 4.284224 10.043119 12.395414
253 2 3.5209146 11.850613 8.912055
254 2 1.3257499 15.132785 8.969646
255 2 4.5593224 13.383782 12.950449
256 2 2.145861 13.528626 12.368182
257 2 6.571877 1.5129246 8.8394785
258 2 8.018775 3.3209379 9.598251
259 2 4.817233 1.7549253 12.710174
260 2 7.769873 3.5000925 12.570469
261 2 8.6120825 5.6037726 9.34773
262 2 6.3414207 5.8732142 9.381368
263 2 8.499015 5.6602097 12.737742
264 2 6.254277 5.9749494 12.474987
265 2 5.591745 7.9763055 9.07467
266 2 7.2474704 9.6400175 9.276166
267 2 5.4414988 8.144838 12.905856
268 2 8.818513 9.687282 12.70138
269 2 7.9074144 11.770664 8.648956
270 2 5.1714234 13.332526 9.228636
271 2 7.978986 11.705545 12.757153
272 2 5.7700787 15.063645 12.497834
273 2 11.182651 1.6942443 8.930334
274 2 12.663517 3.5386932 8.83239
275 2 10.108172 0.21090306 12.765575
276 2 11.622466 1.8916743 12.298413
277 2 11.524207 5.5362186 9.0158415
278 2 10.117349 7.38076 9.155722
279 2 13.006193 5.8163624 12.577959
280 2 9.9072895 7.369891 12.276385
281 2 10.912079 9.287521 9.069173
282 2 12.4697895 11.013328 9.227337
283 2 11.062308 9.316265 12.741534
284 2 12.051611 11.103197 12.246933
285 2 11.6562805 12.880156 8.626933
286 2 10.330513 14.800665 9.132829
287 2 13.250532 12.769269 12.354095
288 2 9.431708 13.571962 12.225468
