# Fix print output for fix def1
-7.80041044851612e-16 0.0288824512363891 0.00620825776824126 0.024963573655885
0.000999999999999058 0.0803740542035307 0.0514075393198116 0.055870044611258
0.00199999999999909 0.0845955851657521 -0.0274555776927418 -0.0377941723680788
0.00299999999999912 0.193106799826362 -0.00598603828321723 0.0249980816504975
0.00399999999999916 0.230090705554816 -0.010747059258329 -0.00635549547979841
0.00499999999999919 0.327007937127247 0.0377751954041213 0.0306868377055608
0.00599999999999922 0.379788313164262 0.0135583645149392 0.0115206478253925
0.00699999999999906 0.435179603286855 -5.36086633006632e-06 0.0300931343879676
0.00799999999999909 0.51200686973906 0.0104637444355946 0.0167622921167396
0.00899999999999913 0.595260205412814 0.0696848244605209 0.0315141903299022
0.00999999999999916 0.579095569618593 -0.048243924079768 -0.0306015192849057
0.0109999999999992 0.692227227622267 0.0241249481387515 0.0430585780707059
0.011999999999999 0.695540959909365 -0.0372396747570047 -0.0663016201453217
0.0129999999999991 0.825960046510635 0.0213594920132967 0.00547905259298233
0.0139999999999991 0.830159281064618 -0.0762235771724242 -0.0528449205815892
0.0149999999999991 0.926804983429229 0.0314470192556047 0.0183191707317384
0.0159999999999992 1.00760400836368 -0.0462461901058918 0.00422826399015913
0.0169999999999992 1.10016245309505 0.0270510526493325 0.0210197117838891
0.0179999999999992 1.13499689968304 0.00439690239142277 -0.0242117995883581
0.0189999999999993 1.23148541227914 0.0527701100195149 -0.0100552621557574
0.0199999999999993 1.27696388815358 -0.0172027676155885 -0.00734176910160395
0.0209999999999991 1.34890862785241 -0.0154099693193134 0.0277002663039841
0.0219999999999992 1.43503576679354 0.020661070901493 0.0383672221445268
0.0229999999999992 1.46873143781163 -0.00405030938219794 0.013977057498675
0.023999999999999 1.56865701466554 -0.00261617319016718 0.00346041747414394
0.0249999999999991 1.62774167110815 -0.0340273668249125 -0.0464071578519551
0.0259999999999991 1.7605000336587 0.0743476530768611 0.0510332392014546
0.0269999999999991 1.73863725580084 -0.0152811793462646 -0.0243281227147896
0.0279999999999992 1.87141209202445 0.00961055643005407 0.0246429177031627
0.0289999999999992 1.88259025617702 -0.0446667135631368 -0.021856035274829
0.0299999999999992 1.96069942672006 0.0390139602322497 0.00855617675608062
0.0309999999999993 2.05361124066244 -0.016946765962064 -0.0309194149891078
0.0319999999999993 2.11865415018365 -0.0113410827170807 -0.0262536192677622
0.0329999999999993 2.20060292103383 0.00629057095755382 -0.0151592120971697
0.0339999999999992 2.26940870632538 0.00224097694842379 0.031615016645164
0.0349999999999992 2.34004619534973 -0.00151449900140075 0.0324832943316849
0.035999999999999 2.43789318207462 -0.0317596722958599 -0.00617173035118101
0.0369999999999991 2.52301616816785 0.000690380607284662 0.01674422008662
0.0379999999999991 2.5657318403376 -0.023501098701899 -0.0424041722915182
0.0389999999999991 2.69212442685884 0.0569725393551105 0.0119946319976015
0.0399999999999992 2.72934023479195 -0.0156705779473293 -0.0429766081591586
